1 50 12 32 11 10 123 44 2 40 11
2 11 2 300 400 20 7 71 14 63 2
3 20 66 4 301 241 70 8 19 3 10
4 17 888 60 321 20 14 288 74 3 201
5 50 11 30 10 8 123 44 2 39 14
6 700 23 4 59 82 1 32 264 2 14
7 14 22 36 1 258 96 4 21 2 2
8 0 2 1 6 0 0 0 0 0 1
9 0 1 0 0 0 1 0 0 0 2
10 21 200 12 365 24 85 74 12 0 123
11 1 0 2 0 0 1 0 2 0 3
12 80 63 144 256 0 11 0 45 688 6
13 40 2 3 5 400 12 0 1 1 123
14 700 235 0 40 12 564 12 521 33 1
15 20 1 1 0 0 1 12 1 88 10
16 11 1 234 4 25 304 20 0 0 200
17 1 231 102 40 650 23 41 2 0 10
18 20 200 12 365 24 84 72 10 0 120
19 680 23 5 59 82 2 32 260 2 14