Query: 1
Nearest neighbor-1: 1885
distanceLSH: 313.077
distanceTrue: 276.782
Nearest neighbor-2: 1273
distanceLSH: 316.003
distanceTrue: 277.496
Nearest neighbor-3: 5308
distanceLSH: 317.871
distanceTrue: 282.315
Nearest neighbor-4: 5232
distanceLSH: 327.176
distanceTrue: 283.637
Nearest neighbor-5: 3238
distanceLSH: 330.002
distanceTrue: 284.596
tLSH: 0.0016607
tTrue: 0.0398956
R-near neighbors:
8732
3238
288
3516
5232
6140
5308
1885
371
9807
1273
Query: 2
Nearest neighbor-1: 2782
distanceLSH: 256.852
distanceTrue: 256.852
Nearest neighbor-2: 2493
distanceLSH: 262.895
distanceTrue: 259.913
Nearest neighbor-3: 3137
distanceLSH: 264.932
distanceTrue: 262.895
Nearest neighbor-4: 1534
distanceLSH: 278.04
distanceTrue: 262.926
Nearest neighbor-5: 9815
distanceLSH: 281.665
distanceTrue: 264.932
tLSH: 0.0025689
tTrue: 0.0431802
R-near neighbors:
673
371
8731
9583
4249
3951
3855
3249
2764
2493
2117
1989
9825
2391
9067
2164
9815
925
8800
2782
9862
3583
3124
1600
2108
3409
2514
990
2914
8644
1151
147
1518
2153
684
9574
8391
1825
3865
2087
2880
1464
2735
2756
3137
1867
4182
1896
9569
2544
9843
9845
9582
9963
404
319
4383
8850
1534
1460
398
2618
1983
9543
3955
1796
2177
272
4097
1037
910
1558
288
1468
3003
4273
844
3752
958
991
1118
Query: 3
Nearest neighbor-1: 2699
distanceLSH: 222.551
distanceTrue: 206.737
Nearest neighbor-2: 6996
distanceLSH: 241.754
distanceTrue: 219.461
Nearest neighbor-3: 6407
distanceLSH: 253.192
distanceTrue: 222.551
Nearest neighbor-4: 5172
distanceLSH: 266.713
distanceTrue: 227.726
Nearest neighbor-5: 6048
distanceLSH: 271.295
distanceTrue: 241.754
tLSH: 0.0017907
tTrue: 0.0398181
R-near neighbors:
9563
8613
7762
6784
5569
4312
8050
7963
7675
5914
4771
5787
6103
6738
4496
6407
2336
5647
8633
7072
2560
7981
6329
6565
384
6048
9122
4982
8919
6032
4005
8174
7920
4872
6996
9298
2059
7015
6382
2699
9882
113
2351
6895
1561
5121
1692
2071
7738
4055
4704
2124
5172
8880
752
9007
1343
5407
9821
8170
6986
1525
8256
2917
9267
4134
951
1877
2132
2430
Query: 4
Nearest neighbor-1: 9844
distanceLSH: 215.177
distanceTrue: 215.177
Nearest neighbor-2: 9826
distanceLSH: 216.843
distanceTrue: 216.843
Nearest neighbor-3: 9577
distanceLSH: 258.706
distanceTrue: 236.138
Nearest neighbor-4: 9582
distanceLSH: 260.569
distanceTrue: 242.207
Nearest neighbor-5: 108
distanceLSH: 265.633
distanceTrue: 249.622
tLSH: 0.00217
tTrue: 0.0428825
R-near neighbors:
9938
9582
9844
9826
6154
4386
412
148
121
9795
2184
4270
3998
281
3997
9815
3754
3063
2591
156
1100
840
3250
2742
422
483
9652
839
8391
9630
530
1038
403
463
2114
108
1558
1757
282
289
1813
2321
484
611
2389
3569
3688
3815
157
8732
9574
9702
372
503
1293
2309
2990
1616
3013
3137
3626
9577
9782
124
4164
Query: 5
Nearest neighbor-1: 4560
distanceLSH: 282.733
distanceTrue: 250.509
Nearest neighbor-2: 6319
distanceLSH: 285.636
distanceTrue: 257.538
Nearest neighbor-3: 4477
distanceLSH: 302.473
distanceTrue: 265.068
Nearest neighbor-4: 4716
distanceLSH: 303.641
distanceTrue: 267.277
Nearest neighbor-5: 7886
distanceLSH: 307.49
distanceTrue: 279.383
tLSH: 0.0012908
tTrue: 0.0438214
R-near neighbors:
6323
5626
5540
3601
1424
410
9145
8376
6230
8927
7886
7939
7302
2981
2546
5732
4485
1420
7046
5357
4477
5405
6319
4077
4452
7787
4560
4625
4716
6176
5586
5018
593
890
Query: 6
Nearest neighbor-1: 1098
distanceLSH: 275.151
distanceTrue: 275.151
Nearest neighbor-2: 805
distanceLSH: 304.816
distanceTrue: 287.503
Nearest neighbor-3: 4444
distanceLSH: 315.447
distanceTrue: 293.82
Nearest neighbor-4: 536
distanceLSH: 319.598
distanceTrue: 300.525
Nearest neighbor-5: 9609
distanceLSH: 338.777
distanceTrue: 304.816
tLSH: 0.0009268
tTrue: 0.0414152
R-near neighbors:
7215
4444
6586
1098
805
9609
704
536
Query: 7
Nearest neighbor-1: 3014
distanceLSH: 252.816
distanceTrue: 246.609
Nearest neighbor-2: 925
distanceLSH: 266.725
distanceTrue: 252.816
Nearest neighbor-3: 1917
distanceLSH: 269.002
distanceTrue: 255.805
Nearest neighbor-4: 8001
distanceLSH: 278.799
distanceTrue: 256.105
Nearest neighbor-5: 1175
distanceLSH: 279.864
distanceTrue: 258.337
tLSH: 0.0039502
tTrue: 0.0379484
R-near neighbors:
3308
2108
7426
3754
3718
3679
1917
3568
3166
3646
9564
1825
301
925
844
1987
3167
404
6599
1256
4939
3516
2153
152
4503
9705
4371
3427
363
2959
9553
4802
3549
2279
9536
2313
3329
1427
3610
3624
1973
2766
4045
4010
2543
4321
4629
1463
4003
4384
5781
6982
2906
9637
7052
9779
4064
8001
8496
2183
8773
9630
1175
413
9811
858
9603
2110
982
3014
2125
211
2878
Query: 8
Nearest neighbor-1: 5448
distanceLSH: 173.948
distanceTrue: 173.948
Nearest neighbor-2: 5869
distanceLSH: 177.727
distanceTrue: 177.727
Nearest neighbor-3: 9395
distanceLSH: 214.963
distanceTrue: 196.403
Nearest neighbor-4: 2736
distanceLSH: 215.16
distanceTrue: 197.56
Nearest neighbor-5: 2449
distanceLSH: 227.475
distanceTrue: 205.093
tLSH: 0.0013379
tTrue: 0.0386367
R-near neighbors:
9924
9662
8910
3449
1887
9730
7445
5661
2515
5563
5491
3522
3495
2722
2466
2449
2053
7453
3020
6775
8860
37
3152
9614
851
6829
2036
7243
81
7692
9812
2899
3512
2022
2736
5149
3269
9169
804
7281
6161
3367
5272
4564
7110
6983
1520
885
6018
339
4276
1990
174
47
4090
5291
7179
2527
5448
1035
5480
5901
6010
6246
517
6613
8560
6971
5869
7266
4438
5708
7232
7531
7742
4649
7824
9080
1013
9395
Query: 9
Nearest neighbor-1: 3019
distanceLSH: 283.263
distanceTrue: 248.473
Nearest neighbor-2: 8003
distanceLSH: 285.97
distanceTrue: 256.215
Nearest neighbor-3: 1068
distanceLSH: 290.907
distanceTrue: 259.012
Nearest neighbor-4: 8223
distanceLSH: 294.17
distanceTrue: 259.137
Nearest neighbor-5: 5643
distanceLSH: 294.566
distanceTrue: 263.945
tLSH: 0.000989
tTrue: 0.051778
R-near neighbors:
202
2559
8223
79
1337
4641
5644
4877
4663
4604
9619
1279
4710
4583
5086
6266
2848
5144
5026
1
5835
113
9257
8855
8501
9299
4346
4854
4727
725
8983
312
7805
58
5643
8003
1068
433
5132
6021
5526
7050
7348
9547
7642
61
8189
4314
9013
9416
9561
4481
2322
4582
4328
3019
3979
4561
4694
5057
168
6518
8973
4655
8719
Query: 10
Nearest neighbor-1: 1824
distanceLSH: 286.086
distanceTrue: 250.014
Nearest neighbor-2: 359
distanceLSH: 289.707
distanceTrue: 251.722
Nearest neighbor-3: 3001
distanceLSH: 292.199
distanceTrue: 254.68
Nearest neighbor-4: 4725
distanceLSH: 297.763
distanceTrue: 262.717
Nearest neighbor-5: 6319
distanceLSH: 299.975
distanceTrue: 263.374
tLSH: 0.0015793
tTrue: 0.0412041
R-near neighbors:
9523
8393
6323
6319
5626
4578
3601
2981
2546
2324
432
9819
5748
5540
5835
359
4725
3981
3038
101
1871
3901
4464
5113
4463
2877
7479
8339
1731
637
1170
89
1682
2682
1348
3001
6526
2809
5912
2709
7783
1588
1824
6839
1814
4646
7950
367
Query: 11
Nearest neighbor-1: 289
distanceLSH: 329.562
distanceTrue: 293.883
Nearest neighbor-2: 1864
distanceLSH: 330.018
distanceTrue: 308.914
Nearest neighbor-3: 3228
distanceLSH: 334.655
distanceTrue: 309.307
Nearest neighbor-4: 1240
distanceLSH: 341.226
distanceTrue: 311.014
Nearest neighbor-5: 1296
distanceLSH: 342.07
distanceTrue: 312.784
tLSH: 0.002004
tTrue: 0.0411255
R-near neighbors:
4382
436
3228
6400
1296
9538
8413
8962
1864
1240
3997
1098
289
Query: 12
Nearest neighbor-1: 1360
distanceLSH: 227.398
distanceTrue: 172.163
Nearest neighbor-2: 9096
distanceLSH: 230.393
distanceTrue: 206.608
Nearest neighbor-3: 8852
distanceLSH: 236.981
distanceTrue: 224.484
Nearest neighbor-4: 62
distanceLSH: 241.646
distanceTrue: 225.109
Nearest neighbor-5: 5820
distanceLSH: 248.757
distanceTrue: 227.337
tLSH: 0.0021148
tTrue: 0.0428576
R-near neighbors:
9793
9325
7126
5550
5527
5048
4904
4873
4818
4679
2661
2257
1905
1421
4117
519
11
8589
4729
8327
7806
7575
8974
7432
6315
6217
5998
4931
5702
5541
3338
5137
5083
5008
4856
4822
4797
9357
4731
4682
4663
4659
8914
4288
3913
3034
2996
1170
3668
2654
546
9563
2915
3964
1137
9513
9770
4817
2191
1570
1122
9885
2616
1473
1023
4562
6267
1641
655
4506
61
4195
8301
4703
6354
161
7400
1809
4464
3824
4332
3470
2552
5092
7124
2912
4711
2655
590
6814
8099
4741
115
1657
5207
5721
8183
74
4392
1822
1277
3847
5940
8253
3086
516
117
1659
4134
4391
5386
253
5158
9270
1178
9560
9
5043
30
5170
3546
1233
3
4829
557
2613
7496
4651
9020
3403
62
9333
120
93
520
7459
474
521
476
2462
4261
4742
4485
4593
3052
4594
5294
2467
4780
8382
4784
3416
1360
4958
6604
5062
5187
5304
19
6701
5381
2068
5409
4481
1911
7822
5497
2222
5820
9884
2569
5910
425
6336
7177
3007
1208
7183
7298
7330
6702
9529
8501
6025
8852
2121
4347
4604
8973
9096
9414
182
9948
1425
7008
2896
Query: 13
Nearest neighbor-1: 507
distanceLSH: 251.239
distanceTrue: 238.55
Nearest neighbor-2: 129
distanceLSH: 252.567
distanceTrue: 250.072
Nearest neighbor-3: 9582
distanceLSH: 257.148
distanceTrue: 251.239
Nearest neighbor-4: 121
distanceLSH: 258.414
distanceTrue: 252.567
Nearest neighbor-5: 2129
distanceLSH: 259.16
distanceTrue: 252.737
tLSH: 0.0033883
tTrue: 0.0377941
R-near neighbors:
9823
9555
2784
2495
9596
220
2416
3228
1323
1694
3472
9695
950
7681
478
9607
1126
2098
9594
2398
2887
9569
806
9584
1514
328
9843
1288
9620
9565
910
3248
9673
3516
3770
3262
2041
8391
9915
3983
1156
684
9574
1511
8496
1130
2129
9582
614
9845
2392
2419
9794
413
4096
3884
286
4008
667
1518
121
6385
2702
97
1896
304
685
9702
9575
2782
3417
2909
3507
2473
1087
9825
2886
981
1037
3350
3137
390
2960
4323
4545
107
8353
129
9782
530
1038
2435
3718
2176
2377
3062
3855
3887
9714
9457
6630
8478
110
8848
3514
1685
9652
127
9806
109
1379
1183
6837
412
545
672
816
841
1626
1987
2281
9734
2497
2822
3794
9536
9694
9760
136
9902
9969
507
9725
2272
Query: 14
Nearest neighbor-1: 3610
distanceLSH: 244.677
distanceTrue: 244.677
Nearest neighbor-2: 9724
distanceLSH: 292.606
distanceTrue: 256.739
Nearest neighbor-3: 404
distanceLSH: 299.079
distanceTrue: 259.675
Nearest neighbor-4: 9553
distanceLSH: 299.985
distanceTrue: 262.134
Nearest neighbor-5: 747
distanceLSH: 310.147
distanceTrue: 268.373
tLSH: 0.0016139
tTrue: 0.0397268
R-near neighbors:
8479
2906
2702
2464
437
9724
1053
404
145
3919
6670
5726
4024
774
277
301
5191
707
3155
2447
3451
2212
3855
2439
747
3166
1987
3167
3289
9553
3262
1433
3516
3610
9536
1875
Query: 15
Nearest neighbor-1: 798
distanceLSH: 273.317
distanceTrue: 273.317
Nearest neighbor-2: 2827
distanceLSH: 312.248
distanceTrue: 278.307
Nearest neighbor-3: 723
distanceLSH: 313.56
distanceTrue: 282.74
Nearest neighbor-4: 1265
distanceLSH: 314.169
distanceTrue: 288.399
Nearest neighbor-5: 1146
distanceLSH: 314.954
distanceTrue: 291.307
tLSH: 0.0039813
tTrue: 0.0404639
R-near neighbors:
6330
3504
1265
6218
2592
3271
1501
1995
1676
5452
3803
1089
8051
236
2248
1146
945
6786
4403
280
811
1411
4347
577
2474
3871
2714
3349
1551
4678
4693
4820
7003
723
5422
5459
4735
798
6265
6388
8040
9799
5161
9860
2028
8505
9723
595
87
2827
8288
1780
1653
1399
354
2894
8823
6410
4108
9188
7029
9025
Query: 16
Nearest neighbor-1: 9892
distanceLSH: 269.221
distanceTrue: 253.683
Nearest neighbor-2: 21
distanceLSH: 295.559
distanceTrue: 254.823
Nearest neighbor-3: 8577
distanceLSH: 302.838
distanceTrue: 256.753
Nearest neighbor-4: 5026
distanceLSH: 305.074
distanceTrue: 257.422
Nearest neighbor-5: 5364
distanceLSH: 306.858
distanceTrue: 259.079
tLSH: 0.0012131
tTrue: 0.0410052
R-near neighbors:
9247
8095
5592
1067
6823
7944
3252
2033
9892
8376
352
1591
1331
961
6389
5026
19
1527
257
21
3105
2427
1392
7482
5364
7256
7517
7605
8577
3388
5040
9288
4561
6518
972
5057
7599
Query: 17
Nearest neighbor-1: 9714
distanceLSH: 248.324
distanceTrue: 248.2
Nearest neighbor-2: 9596
distanceLSH: 250.667
distanceTrue: 248.324
Nearest neighbor-3: 2579
distanceLSH: 255.317
distanceTrue: 250.667
Nearest neighbor-4: 3002
distanceLSH: 265.113
distanceTrue: 255.19
Nearest neighbor-5: 9582
distanceLSH: 268.931
distanceTrue: 255.317
tLSH: 0.0015085
tTrue: 0.0398579
R-near neighbors:
3910
3838
3794
3752
3625
2675
2652
2579
2578
2302
2043
1789
1519
1489
372
317
174
2435
149
134
1627
103
3558
840
3507
3002
9141
1775
9646
9596
2856
9714
3592
9592
2353
211
465
148
1291
9545
3527
8889
2793
9778
9837
128
289
2754
848
1045
9808
9631
1833
3062
3443
1538
3249
2250
2766
734
1678
125
9550
1069
3355
3481
2526
8013
9573
532
850
3460
4095
9582
9936
3057
1533
1950
4052
2274
3029
127
508
3683
2711
4362
6212
7245
9574
2473
9585
2007
9754
2532
9898
3319
9923
1363
Query: 18
Nearest neighbor-1: 1293
distanceLSH: 263.279
distanceTrue: 254.635
Nearest neighbor-2: 9806
distanceLSH: 263.676
distanceTrue: 260.852
Nearest neighbor-3: 1296
distanceLSH: 271.965
distanceTrue: 263.279
Nearest neighbor-4: 220
distanceLSH: 278.273
distanceTrue: 263.431
Nearest neighbor-5: 26
distanceLSH: 279.296
distanceTrue: 263.676
tLSH: 0.0029462
tTrue: 0.042243
R-near neighbors:
9526
7245
3829
2151
1983
1460
1293
342
294
2650
1888
9806
9569
3592
3568
9811
4096
2572
2176
9735
1988
1690
1685
1514
1404
6245
1038
917
9702
685
220
175
9519
121
107
9814
3718
8290
3753
9595
7681
823
9713
2909
3544
9345
3249
3770
997
4180
2910
2733
2625
4051
1455
3645
3513
2878
2746
3044
2282
4323
132
3813
4321
8849
8214
1991
145
9543
471
3062
2300
9631
614
6837
4424
4371
2212
1069
1446
3855
3220
3936
2031
1987
5924
4273
9716
699
428
301
263
1626
564
9550
3835
2184
9652
4064
4126
129
2415
5982
672
4101
6768
9600
3422
1517
2201
6900
9555
8691
3735
8773
9901
9520
170
9568
1807
791
2464
5739
26
1296
6630
Query: 19
Nearest neighbor-1: 904
distanceLSH: 266.889
distanceTrue: 266.889
Nearest neighbor-2: 1792
distanceLSH: 274.341
distanceTrue: 268.527
Nearest neighbor-3: 2394
distanceLSH: 276.523
distanceTrue: 274.341
Nearest neighbor-4: 117
distanceLSH: 280.202
distanceTrue: 275.601
Nearest neighbor-5: 529
distanceLSH: 280.696
distanceTrue: 276.523
tLSH: 0.0040973
tTrue: 0.0396392
R-near neighbors:
8551
6759
366
8852
8501
9020
7496
6701
6336
5187
4958
4711
8663
3964
6933
5409
2615
1809
1473
1178
557
476
120
4562
117
6031
62
9618
59
9330
8973
5544
5118
4942
80
4652
3501
3306
2537
7744
2918
4485
2072
1660
609
5940
8734
9115
8977
1590
8829
3359
4539
2519
4261
5404
2483
2028
7456
516
3818
1792
6237
9270
1904
2226
51
2209
558
4593
529
6707
357
1119
5381
2714
3765
590
1953
4366
183
945
9943
3466
2999
4506
4887
1735
1474
764
1465
4894
9884
5820
1375
2769
3912
1285
904
5034
6509
1137
4820
4693
4700
290
4735
6033
5087
5225
5286
8649
7177
4764
5399
5422
5651
5946
7059
2394
2267
7982
5621
4605
8415
9414
8779
Query: 20
Nearest neighbor-1: 1700
distanceLSH: 224.751
distanceTrue: 224.751
Nearest neighbor-2: 2177
distanceLSH: 240.01
distanceTrue: 230.213
Nearest neighbor-3: 4008
distanceLSH: 241.104
distanceTrue: 233.495
Nearest neighbor-4: 412
distanceLSH: 245.337
distanceTrue: 236.901
Nearest neighbor-5: 2114
distanceLSH: 254.5
distanceTrue: 239.552
tLSH: 0.0025936
tTrue: 0.0406535
R-near neighbors:
9083
484
2389
148
2440
9691
293
7913
1757
3535
2392
9072
436
5395
4008
3628
2358
834
3514
8022
2625
1558
3336
3328
4344
3293
3250
3997
839
2744
483
1098
3511
2925
412
1054
5894
1292
422
9674
289
1813
299
1100
3754
156
2742
3513
1200
2184
9550
9538
9795
3010
1240
1616
3124
2114
1600
27
6709
404
2321
1293
23
1801
2817
9606
1896
2410
2591
349
6318
3063
3530
8955
3558
3815
8391
8732
9176
2953
1864
9574
1038
3351
3998
9652
9702
2844
134
1404
191
1812
4382
883
369
2757
3228
3700
4015
3616
4387
3559
9213
9815
5446
824
1189
3230
403
2459
225
1510
121
9630
2177
1542
2246
341
4270
1700
3242
175
9580
842
3360
3529
4178
Query: 21
Nearest neighbor-1: 9068
distanceLSH: 202.64
distanceTrue: 192.984
Nearest neighbor-2: 9312
distanceLSH: 209.767
distanceTrue: 193.249
Nearest neighbor-3: 4556
distanceLSH: 218.9
distanceTrue: 196.008
Nearest neighbor-4: 9800
distanceLSH: 225.089
distanceTrue: 198.842
Nearest neighbor-5: 9876
distanceLSH: 226.018
distanceTrue: 199.84
tLSH: 0.0005618
tTrue: 0.0373161
R-near neighbors:
9876
9312
9068
6108
5040
9800
6732
9854
5774
5196
5461
4850
6505
9809
4813
4390
4567
7582
7877
5436
9153
5006
4556
2196
3722
4186
6960
5454
2386
5476
5592
6753
4781
8978
5811
1209
Query: 22
Nearest neighbor-1: 4491
distanceLSH: 80.8455
distanceTrue: 80.8455
Nearest neighbor-2: 4458
distanceLSH: 87.7325
distanceTrue: 87.7325
Nearest neighbor-3: 4561
distanceLSH: 231.221
distanceTrue: 207.302
Nearest neighbor-4: 7135
distanceLSH: 235.678
distanceTrue: 218.577
Nearest neighbor-5: 4624
distanceLSH: 241.068
distanceTrue: 220.42
tLSH: 0.001877
tTrue: 0.040434
R-near neighbors:
5138
2423
7690
7688
9499
8997
8230
7899
7778
7146
6828
6479
6096
160
9863
9951
9062
9697
80
5732
8399
8105
5543
13
6236
4458
298
4561
608
534
153
3280
4621
8096
5683
6263
167
4651
204
86
4491
7135
9421
5738
3960
353
2258
248
1015
4555
7948
5027
1563
4885
59
4631
706
8377
1265
2535
8919
537
4624
306
1068
411
2189
2248
7845
6321
733
1161
1277
434
2085
6266
2710
4368
4633
4702
4711
2810
4715
5084
4830
196
5403
Query: 23
Nearest neighbor-1: 4958
distanceLSH: 173.052
distanceTrue: 173.052
Nearest neighbor-2: 4785
distanceLSH: 175.642
distanceTrue: 175.642
Nearest neighbor-3: 5409
distanceLSH: 182.642
distanceTrue: 182.642
Nearest neighbor-4: 5526
distanceLSH: 199.427
distanceTrue: 199.427
Nearest neighbor-5: 4740
distanceLSH: 207.075
distanceTrue: 199.582
tLSH: 0.0021007
tTrue: 0.0384783
R-near neighbors:
9624
8722
6873
6449
5409
5019
4855
4785
4778
4743
4662
4593
4587
3046
2847
4727
872
358
207
187
106
62
9413
8217
5133
1021
6932
6701
6415
5820
6491
5977
5720
5540
5432
183
556
785
254
209
1860
163
1179
7015
76
1473
6492
5139
4511
8829
4479
9530
903
7328
9522
270
8
4665
6626
5084
9611
1547
9257
4812
6024
113
4739
2072
3469
4798
4704
8302
7921
9417
165
4658
546
4622
3594
9416
206
5086
460
5407
7312
8189
9217
6528
1508
169
5018
1546
4
4630
5138
5043
4958
5729
75
1360
279
6502
4586
9166
1456
5568
4679
236
6490
434
7887
7183
2791
4590
9216
4875
8216
5260
120
4864
1009
1253
945
5571
5247
1649
1734
4569
971
2256
7264
3666
2638
3164
4496
3468
2071
1136
3963
4763
4977
968
7136
5634
6107
5526
4755
900
7574
8363
8795
30
7764
54
355
5235
609
1232
4830
461
814
557
2462
5380
1525
1660
4699
1872
8651
4539
2146
2917
7008
4695
6448
4906
4392
4584
4711
2941
4740
Query: 24
Nearest neighbor-1: 4477
distanceLSH: 263.575
distanceTrue: 253.941
Nearest neighbor-2: 5209
distanceLSH: 264.14
distanceTrue: 254.876
Nearest neighbor-3: 6827
distanceLSH: 280.525
distanceTrue: 256.677
Nearest neighbor-4: 168
distanceLSH: 281.407
distanceTrue: 260.042
Nearest neighbor-5: 4625
distanceLSH: 281.878
distanceTrue: 261.576
tLSH: 0.0017586
tTrue: 0.0381708
R-near neighbors:
8048
7146
6695
4647
58
9708
4561
8042
5944
5619
7135
4716
6230
7207
5732
5432
6827
4821
4877
7886
6736
1014
6176
8699
5652
6950
5357
1748
4226
79
5076
61
7298
2637
985
6354
5610
8855
1234
113
4492
168
5209
725
5008
4477
406
5835
9145
1947
4625
Query: 25
Nearest neighbor-1: 706
distanceLSH: 251.086
distanceTrue: 154.227
Nearest neighbor-2: 5833
distanceLSH: 251.098
distanceTrue: 156.547
Nearest neighbor-3: 8590
distanceLSH: 251.837
distanceTrue: 191.186
Nearest neighbor-4: 5027
distanceLSH: 269.011
distanceTrue: 232.08
Nearest neighbor-5: 586
distanceLSH: 276.301
distanceTrue: 239.46
tLSH: 0.0016819
tTrue: 0.038735
R-near neighbors:
8382
5998
5571
1961
8705
6490
6227
6008
5880
5779
5742
5731
5302
5219
5086
3581
7264
4727
7100
7688
6563
4771
5452
5833
5071
7606
5541
5431
4481
9561
6315
8852
6680
5019
5720
1656
5358
3072
3326
5266
3742
4587
9932
280
9333
7047
8215
87
5133
354
4485
6231
4694
8590
861
4401
5526
7050
4637
8840
4592
9900
4303
586
4480
6840
4681
7602
5027
709
7948
111
384
550
706
968
1048
1957
4730
2536
4549
Query: 26
Nearest neighbor-1: 5948
distanceLSH: 286.568
distanceTrue: 271.61
Nearest neighbor-2: 8913
distanceLSH: 308.508
distanceTrue: 286.568
Nearest neighbor-3: 9306
distanceLSH: 315.037
distanceTrue: 288.806
Nearest neighbor-4: 775
distanceLSH: 319.085
distanceTrue: 292.817
Nearest neighbor-5: 3165
distanceLSH: 326.584
distanceTrue: 294.995
tLSH: 0.0020569
tTrue: 0.0381265
R-near neighbors:
5948
5405
7721
4578
4595
3165
9306
856
8913
2595
775
7479
576
Query: 27
Nearest neighbor-1: 6828
distanceLSH: 199.702
distanceTrue: 183.442
Nearest neighbor-2: 8503
distanceLSH: 225.599
distanceTrue: 199.702
Nearest neighbor-3: 4631
distanceLSH: 233.748
distanceTrue: 220.018
Nearest neighbor-4: 4830
distanceLSH: 245.78
distanceTrue: 223.099
Nearest neighbor-5: 4587
distanceLSH: 250.014
distanceTrue: 224.326
tLSH: 0.0024716
tTrue: 0.038331
R-near neighbors:
8795
8146
7573
6336
5568
4754
3791
1180
492
378
9932
6840
6656
6490
5880
5742
5715
5025
5279
7908
7182
5785
6828
5431
6479
5738
9421
1277
4715
7844
905
4711
2171
5219
4222
4730
4651
3404
6814
4915
4401
5139
4596
6702
7778
6236
7146
6118
4702
3227
1068
4624
353
6096
8230
5403
5911
5526
2185
1725
5541
658
5027
4900
3501
160
3335
919
411
7400
4830
1289
4
4621
766
1782
3980
6266
2085
4728
9611
6784
5133
2897
2248
706
2535
2804
550
1781
2552
5122
196
3280
86
4329
861
2146
6267
4211
4631
1290
6354
4555
5453
313
4682
1821
8503
5215
75
92
8928
190
1181
7948
4864
1602
586
5266
3210
4480
9561
9047
4935
6401
9612
8327
360
6528
5731
4960
6502
1161
2189
3217
7843
8302
8482
6008
7807
7550
354
9921
4587
435
6227
8540
59
830
4592
2536
2561
733
3046
5834
8147
4549
4637
9610
4727
5086
5302
Query: 28
Nearest neighbor-1: 6162
distanceLSH: 212.549
distanceTrue: 175.516
Nearest neighbor-2: 4840
distanceLSH: 240.834
distanceTrue: 200.888
Nearest neighbor-3: 5449
distanceLSH: 254.922
distanceTrue: 212.549
Nearest neighbor-4: 3012
distanceLSH: 273.527
distanceTrue: 220.474
Nearest neighbor-5: 5863
distanceLSH: 278.487
distanceTrue: 227.469
tLSH: 0.0007842
tTrue: 0.0377706
R-near neighbors:
9055
8641
8442
7866
6315
6403
5863
5965
5588
5940
5513
4274
2874
3890
5088
1548
2610
4856
4452
4219
6048
118
1661
4952
4698
3545
7262
4840
2317
2983
1225
6051
1549
2682
1793
3209
2919
3096
7046
78
9356
9792
5527
6162
4511
1590
6438
166
6643
6907
5137
2018
1527
3
829
3901
3012
462
4554
4623
8751
5449
7329
5297
5939
Query: 29
Nearest neighbor-1: 4473
distanceLSH: 224.86
distanceTrue: 224.86
Nearest neighbor-2: 9610
distanceLSH: 249.752
distanceTrue: 229.828
Nearest neighbor-3: 457
distanceLSH: 253.62
distanceTrue: 230.378
Nearest neighbor-4: 5139
distanceLSH: 254.649
distanceTrue: 235.86
Nearest neighbor-5: 9547
distanceLSH: 257.822
distanceTrue: 235.932
tLSH: 0.0018644
tTrue: 0.0389645
R-near neighbors:
9986
9459
7907
5145
5065
2941
7910
9561
8719
6275
6236
5966
4328
3979
3050
1810
1084
563
9421
8981
8147
7843
5820
4935
5261
2086
5769
7060
4740
4983
4729
4926
1321
6528
4877
6401
4694
4679
92
4664
7850
5785
5667
5540
4651
8840
119
1358
6348
6702
3564
5184
457
7124
312
62
5904
8223
5556
6585
4553
8714
1602
7444
1525
2071
5139
9547
1546
6502
4561
4688
3093
9299
4473
9610
8721
7268
5403
5911
360
9758
7956
336
3404
766
815
5260
5133
6784
7310
1214
7023
4864
5279
7550
Query: 30
Nearest neighbor-1: 5454
distanceLSH: 125.379
distanceTrue: 125.379
Nearest neighbor-2: 5196
distanceLSH: 170.868
distanceTrue: 167.821
Nearest neighbor-3: 6407
distanceLSH: 185.37
distanceTrue: 170.868
Nearest neighbor-4: 6806
distanceLSH: 194.196
distanceTrue: 184.09
Nearest neighbor-5: 6049
distanceLSH: 201.122
distanceTrue: 185.37
tLSH: 0.0018833
tTrue: 0.0403674
R-near neighbors:
9483
8828
5714
5250
4109
2170
6290
8262
6738
4959
4752
2386
5454
2167
4609
2196
5464
7877
4857
5074
3924
4813
2453
4850
5993
5461
5196
2826
2708
5436
5339
5811
5774
5361
6732
6293
6883
6329
7078
1702
8052
9890
9960
2141
6389
3191
8088
5414
6049
6407
9854
7695
6806
7415
5329
4567
7488
7920
8761
5332
8253
Query: 31
Nearest neighbor-1: 7949
distanceLSH: 293.527
distanceTrue: 265.377
Nearest neighbor-2: 4862
distanceLSH: 297.106
distanceTrue: 267.007
Nearest neighbor-3: 6264
distanceLSH: 304.982
distanceTrue: 272.206
Nearest neighbor-4: 1330
distanceLSH: 310.347
distanceTrue: 273.96
Nearest neighbor-5: 1358
distanceLSH: 326.64
distanceTrue: 275.342
tLSH: 0.0005266
tTrue: 0.0375598
R-near neighbors:
8553
269
1718
1330
1253
4862
1358
7949
6264
6563
Query: 32
Nearest neighbor-1: 5560
distanceLSH: 109.192
distanceTrue: 109.192
Nearest neighbor-2: 4996
distanceLSH: 126.953
distanceTrue: 126.953
Nearest neighbor-3: 4963
distanceLSH: 175.773
distanceTrue: 175.773
Nearest neighbor-4: 4840
distanceLSH: 323.296
distanceTrue: 231.651
Nearest neighbor-5: 5405
distanceLSH: 326.434
distanceTrue: 240.45
tLSH: 0.0013307
tTrue: 0.0372033
R-near neighbors:
7373
1225
4963
3890
5405
1548
6238
4150
5513
4996
1661
2919
3209
5588
4511
4840
927
4952
5560
Query: 33
Nearest neighbor-1: 5408
distanceLSH: 232.768
distanceTrue: 187.563
Nearest neighbor-2: 6031
distanceLSH: 250.519
distanceTrue: 232.768
Nearest neighbor-3: 6485
distanceLSH: 269.154
distanceTrue: 236.244
Nearest neighbor-4: 275
distanceLSH: 269.399
distanceTrue: 246.605
Nearest neighbor-5: 3012
distanceLSH: 279.693
distanceTrue: 250.519
tLSH: 0.0018037
tTrue: 0.0380861
R-near neighbors:
6485
2378
1509
784
9020
278
1366
1263
4190
275
5408
251
1496
8458
208
179
112
2809
3012
4288
5912
2964
6796
6923
9195
9321
1134
6031
2830
9556
Query: 34
Nearest neighbor-1: 3934
distanceLSH: 340.103
distanceTrue: 328.279
Nearest neighbor-2: 2202
distanceLSH: 365.684
distanceTrue: 340.103
Nearest neighbor-3: 4184
distanceLSH: 386.832
distanceTrue: 348.505
Nearest neighbor-4: 1329
distanceLSH: 392.482
distanceTrue: 351.409
Nearest neighbor-5: 3999
distanceLSH: 399.547
distanceTrue: 353.065
tLSH: 0.0011575
tTrue: 0.0371777
R-near neighbors:
3934
Query: 35
Nearest neighbor-1: 7059
distanceLSH: 248.554
distanceTrue: 248.554
Nearest neighbor-2: 5716
distanceLSH: 274.829
distanceTrue: 262.463
Nearest neighbor-3: 9720
distanceLSH: 284.803
distanceTrue: 272.189
Nearest neighbor-4: 5171
distanceLSH: 290.014
distanceTrue: 274.829
Nearest neighbor-5: 1819
distanceLSH: 291.729
distanceTrue: 274.936
tLSH: 0.003718
tTrue: 0.039324
R-near neighbors:
9974
9720
8898
8191
7550
6521
5966
5861
4779
4006
5946
9722
1483
4539
4674
2769
4506
9547
22
2999
4828
1170
3246
945
6033
2985
8649
1923
5369
2956
1953
4905
2873
5171
7059
8829
357
558
2623
5716
5208
4478
5621
4878
8053
1995
1909
2780
1718
904
2267
4454
2803
5597
6874
8779
5770
10
1792
6237
268
720
767
1904
1650
3672
7603
1253
8414
1819
9820
1827
557
2790
Query: 36
Nearest neighbor-1: 5842
distanceLSH: 120.975
distanceTrue: 120.975
Nearest neighbor-2: 5867
distanceLSH: 140.353
distanceTrue: 140.353
Nearest neighbor-3: 6708
distanceLSH: 179.597
distanceTrue: 179.597
Nearest neighbor-4: 3365
distanceLSH: 292.57
distanceTrue: 263.564
Nearest neighbor-5: 6067
distanceLSH: 348.573
distanceTrue: 288.083
tLSH: 0.0032928
tTrue: 0.0378018
R-near neighbors:
6067
3316
2990
8711
2389
9673
8282
3530
1578
5842
7874
1581
8289
3365
3614
1603
4445
3262
6708
5867
2629
2890
2757
3535
6464
3013
Query: 37
Nearest neighbor-1: 5843
distanceLSH: 111.459
distanceTrue: 111.459
Nearest neighbor-2: 5868
distanceLSH: 140.136
distanceTrue: 140.136
Nearest neighbor-3: 2845
distanceLSH: 326.509
distanceTrue: 159.909
Nearest neighbor-4: 3921
distanceLSH: 328.766
distanceTrue: 282.73
Nearest neighbor-5: 8955
distanceLSH: 333.684
distanceTrue: 284.761
tLSH: 0.0023702
tTrue: 0.039171
R-near neighbors:
5868
5843
5443
2148
1739
404
3921
1340
2263
1175
1463
3516
4010
8955
9553
2845
Query: 38
Nearest neighbor-1: 5185
distanceLSH: 166.856
distanceTrue: 166.856
Nearest neighbor-2: 3005
distanceLSH: 321.098
distanceTrue: 247.869
Nearest neighbor-3: 8212
distanceLSH: 330.891
distanceTrue: 298.412
Nearest neighbor-4: 8447
distanceLSH: 337.874
distanceTrue: 302.374
Nearest neighbor-5: 9284
distanceLSH: 351.653
distanceTrue: 304.752
tLSH: 0.0014188
tTrue: 0.0382488
R-near neighbors:
5185
8212
3005
8447
Query: 39
Nearest neighbor-1: 5024
distanceLSH: 156.359
distanceTrue: 156.359
Nearest neighbor-2: 5501
distanceLSH: 159.245
distanceTrue: 159.245
Nearest neighbor-3: 5178
distanceLSH: 162.034
distanceTrue: 162.034
Nearest neighbor-4: 1623
distanceLSH: 332.36
distanceTrue: 177.302
Nearest neighbor-5: 7642
distanceLSH: 343.74
distanceTrue: 214.532
tLSH: 0.0013856
tTrue: 0.0403041
R-near neighbors:
5178
6304
5501
8802
1623
7642
5024
Query: 40
Nearest neighbor-1: 4678
distanceLSH: 193.977
distanceTrue: 193.977
Nearest neighbor-2: 5075
distanceLSH: 202.262
distanceTrue: 202.262
Nearest neighbor-3: 7003
distanceLSH: 207.538
distanceTrue: 207.538
Nearest neighbor-4: 9842
distanceLSH: 210.768
distanceTrue: 210.768
Nearest neighbor-5: 7219
distanceLSH: 210.789
distanceTrue: 210.789
tLSH: 0.0034602
tTrue: 0.0389293
R-near neighbors:
8359
8201
7812
7612
7581
7345
7160
6985
5434
8647
9869
9217
8472
7339
8110
5742
8055
7878
7696
7483
6912
6328
5762
5634
5338
5160
4576
4418
4753
3468
3214
2168
971
70
9895
6805
5439
7945
5264
3408
4693
4820
5455
6227
5713
5005
8053
5002
811
6780
9875
4735
4608
5460
4678
4610
6007
8039
8928
1181
6356
5328
4557
4475
6344
690
6786
4851
1253
7421
9961
1995
1662
683
1478
9860
6431
866
5075
6218
2230
945
2714
236
5311
5054
7270
2387
7219
3107
1946
9947
2028
5168
5812
2985
6414
1676
3623
1210
8599
1146
7921
2267
5824
2997
2483
7817
7007
5208
9891
3723
5045
2892
4691
7739
2803
6388
3818
4403
4108
5864
9801
7982
5926
3504
4275
8819
5992
6561
6047
6381
9722
6124
6265
5201
1089
9313
4490
5775
6289
5488
4460
8829
6504
6691
8612
6813
2592
6961
7003
7079
7095
7208
8024
6739
5197
7253
7515
7258
4894
7464
5913
8226
1653
9877
7519
5171
7998
8040
8821
8964
9005
3556
9467
9998
9484
7964
9763
1290
76
9842
9855
7598
9911
6294
3210
9799
5173
6125
Query: 41
Nearest neighbor-1: 4868
distanceLSH: 188.197
distanceTrue: 153.564
Nearest neighbor-2: 5215
distanceLSH: 193.938
distanceTrue: 185.373
Nearest neighbor-3: 8410
distanceLSH: 253.004
distanceTrue: 188.197
Nearest neighbor-4: 4813
distanceLSH: 292.542
distanceTrue: 193.938
Nearest neighbor-5: 1423
distanceLSH: 296.8
distanceTrue: 194.415
tLSH: 0.0032009
tTrue: 0.0388475
R-near neighbors:
9095
8132
5595
5374
5273
5215
3882
2432
5025
3335
5287
1924
706
2622
534
1725
1277
2988
196
86
6321
7940
4813
6413
7948
1423
9499
4868
3275
1381
2375
6511
21
1746
861
9885
8410
1861
Query: 42
Nearest neighbor-1: 4644
distanceLSH: 200.494
distanceTrue: 200.494
Nearest neighbor-2: 7392
distanceLSH: 202.667
distanceTrue: 202.667
Nearest neighbor-3: 4565
distanceLSH: 203.605
distanceTrue: 203.605
Nearest neighbor-4: 860
distanceLSH: 214.46
distanceTrue: 206.649
Nearest neighbor-5: 9170
distanceLSH: 223.302
distanceTrue: 213.27
tLSH: 0.0019469
tTrue: 0.0397798
R-near neighbors:
9834
9736
9600
9585
9455
7534
6810
5604
4362
3628
3366
8236
8091
7893
6533
170
6338
6282
4968
4599
4436
4398
4377
3459
2976
2045
1389
1098
9931
9918
9853
9785
5105
9731
9646
4287
9170
8710
9923
8124
9970
7914
7873
7853
7681
7539
7597
7340
7572
1404
7315
7251
7694
2060
5401
7369
4799
9989
7935
6798
6284
3744
5395
8484
3972
6542
6376
5360
7532
2966
7849
2452
2579
5500
7178
6962
9888
6713
9286
6459
6820
6064
3368
8508
6984
7111
6258
7800
9249
6679
7705
6677
6550
9473
6646
100
6011
6998
9955
4815
9194
7395
4068
6214
4644
6168
6093
439
947
8167
9966
8229
6687
5659
5891
2499
2492
7825
9977
4580
6993
3181
1382
5481
7392
4565
6639
3041
5763
5932
340
8307
9492
5894
6242
9925
2037
6406
6660
9545
6461
5049
6334
7815
9345
5490
607
8372
9663
704
6615
69
82
5924
9776
524
6576
665
8617
1935
6710
799
1092
5918
1391
6979
9654
1430
7285
860
1888
7397
3285
2923
8108
3225
3390
8117
150
3491
7068
5269
9981
4327
3760
4421
4746
5127
1579
9803
4920
5060
9950
9436
5067
5393
7685
3830
6400
7171
5552
5509
5766
6003
6053
7958
6159
7548
6520
6668
1379
3692
6776
3903
3646
8015
7244
Query: 43
Nearest neighbor-1: 8106
distanceLSH: 245.41
distanceTrue: 236.772
Nearest neighbor-2: 7136
distanceLSH: 247.911
distanceTrue: 245.41
Nearest neighbor-3: 4391
distanceLSH: 255.351
distanceTrue: 247.911
Nearest neighbor-4: 3912
distanceLSH: 263.408
distanceTrue: 255.351
Nearest neighbor-5: 59
distanceLSH: 279.804
distanceTrue: 258.844
tLSH: 0.0015642
tTrue: 0.0398309
R-near neighbors:
4366
9618
2223
4693
7136
5205
6336
8106
5322
4391
3912
811
3034
1526
5822
80
59
117
143
935
1890
904
2209
873
1366
1995
Query: 44
Nearest neighbor-1: 5145
distanceLSH: 193.634
distanceTrue: 165.339
Nearest neighbor-2: 928
distanceLSH: 294.82
distanceTrue: 193.634
Nearest neighbor-3: 766
distanceLSH: 299.182
distanceTrue: 272.384
Nearest neighbor-4: 767
distanceLSH: 302.678
distanceTrue: 282.317
Nearest neighbor-5: 3049
distanceLSH: 302.832
distanceTrue: 283.058
tLSH: 0.0028061
tTrue: 0.0394127
R-near neighbors:
9248
8502
7423
5535
1336
5966
4660
766
176
8377
3890
767
2913
6217
2641
2877
1301
8340
3520
7414
3981
7049
548
3709
1270
5715
6528
432
7807
5403
6701
9669
5332
8253
5145
7859
928
4780
2875
9186
3979
5162
8337
1198
5405
7966
92
499
1322
4116
6275
814
1372
3049
1780
1692
2708
2601
5522
222
8096
Query: 45
Nearest neighbor-1: 5356
distanceLSH: 279.805
distanceTrue: 256.353
Nearest neighbor-2: 5976
distanceLSH: 325.161
distanceTrue: 257.08
Nearest neighbor-3: 2967
distanceLSH: 346.847
distanceTrue: 260.085
Nearest neighbor-4: 808
distanceLSH: 359.597
distanceTrue: 260.615
Nearest neighbor-5: 5385
distanceLSH: 383.128
distanceTrue: 260.898
tLSH: 0.0002935
tTrue: 0.0486211
R-near neighbors:
5976
5356
2967
Query: 46
Nearest neighbor-1: 1278
distanceLSH: 272.96
distanceTrue: 261.362
Nearest neighbor-2: 1767
distanceLSH: 282.073
distanceTrue: 265.663
Nearest neighbor-3: 7910
distanceLSH: 285.633
distanceTrue: 266.15
Nearest neighbor-4: 93
distanceLSH: 290.274
distanceTrue: 269.401
Nearest neighbor-5: 2467
distanceLSH: 293.08
distanceTrue: 271.199
tLSH: 0.006039
tTrue: 0.0458918
R-near neighbors:
1025
7298
9505
6201
5304
5091
4780
4703
3543
3324
6192
1767
4651
8958
222
4116
7479
3032
3209
5326
8474
5516
7807
93
4578
1529
2942
5011
2981
4668
7146
7910
8327
7124
8540
30
1278
6479
2467
2915
3403
Query: 47
Nearest neighbor-1: 5881
distanceLSH: 99.6293
distanceTrue: 99.6293
Nearest neighbor-2: 9670
distanceLSH: 215.715
distanceTrue: 215.715
Nearest neighbor-3: 8998
distanceLSH: 224.007
distanceTrue: 224.007
Nearest neighbor-4: 5767
distanceLSH: 248.781
distanceTrue: 226.071
Nearest neighbor-5: 8693
distanceLSH: 257.992
distanceTrue: 234.141
tLSH: 0.0024983
tTrue: 0.0452006
R-near neighbors:
9033
5767
8693
8998
99
6326
819
3110
6345
5881
6999
9670
401
2731
3449
3540
6835
8860
Query: 48
Nearest neighbor-1: 3949
distanceLSH: 312.92
distanceTrue: 294.394
Nearest neighbor-2: 1758
distanceLSH: 327.147
distanceTrue: 312.92
Nearest neighbor-3: 1885
distanceLSH: 334.818
distanceTrue: 314.474
Nearest neighbor-4: 3905
distanceLSH: 352.725
distanceTrue: 321.33
Nearest neighbor-5: 3935
distanceLSH: 363.593
distanceTrue: 324.14
tLSH: 0.0021906
tTrue: 0.0424036
R-near neighbors:
3949
1885
1758
Query: 49
Nearest neighbor-1: 5214
distanceLSH: 155.763
distanceTrue: 155.763
Nearest neighbor-2: 7649
distanceLSH: 301.445
distanceTrue: 215.634
Nearest neighbor-3: 1580
distanceLSH: 319.568
distanceTrue: 265.311
Nearest neighbor-4: 6251
distanceLSH: 324.379
distanceTrue: 275.193
Nearest neighbor-5: 6528
distanceLSH: 358.279
distanceTrue: 288.638
tLSH: 0.0014194
tTrue: 0.0418501
R-near neighbors:
1742
7649
9768
6251
5214
1580
7854
7386
1082
Query: 50
Nearest neighbor-1: 5085
distanceLSH: 128.783
distanceTrue: 128.783
Nearest neighbor-2: 5166
distanceLSH: 234.421
distanceTrue: 172.398
Nearest neighbor-3: 5048
distanceLSH: 248.083
distanceTrue: 215.016
Nearest neighbor-4: 5322
distanceLSH: 256.162
distanceTrue: 217.17
Nearest neighbor-5: 5132
distanceLSH: 256.357
distanceTrue: 219.784
tLSH: 0.0013429
tTrue: 0.0430569
R-near neighbors:
8337
8190
7806
6457
6266
8719
5163
3542
9707
563
2557
535
4977
2086
4512
7590
4496
5322
3928
6347
9356
9474
6215
119
1467
4642
5531
1649
6
8502
3011
3050
7495
111
153
5432
6702
207
1904
5206
798
31
4592
5085
1547
6490
354
5861
8147
9104
5235
9299
4699
9398
548
9900
3941
9215
9723
706
9921
1793
5048
9611
5166
5511
555
5132
5513
6130
5114
5749
22
Query: 51
Nearest neighbor-1: 5654
distanceLSH: 181.141
distanceTrue: 181.141
Nearest neighbor-2: 6628
distanceLSH: 219.816
distanceTrue: 199.605
Nearest neighbor-3: 5111
distanceLSH: 267.159
distanceTrue: 219.816
Nearest neighbor-4: 4963
distanceLSH: 326.08
distanceTrue: 256.591
Nearest neighbor-5: 3485
distanceLSH: 340.013
distanceTrue: 267.159
tLSH: 0.000951
tTrue: 0.0392551
R-near neighbors:
5654
5111
4963
6628
3485
Query: 52
Nearest neighbor-1: 6124
distanceLSH: 130.813
distanceTrue: 130.813
Nearest neighbor-2: 6193
distanceLSH: 200.4
distanceTrue: 200.4
Nearest neighbor-3: 2592
distanceLSH: 254.124
distanceTrue: 219.825
Nearest neighbor-4: 7419
distanceLSH: 257.721
distanceTrue: 248.328
Nearest neighbor-5: 8396
distanceLSH: 293.135
distanceTrue: 254.124
tLSH: 0.0021179
tTrue: 0.0419083
R-near neighbors:
9272
4708
9203
9059
8020
7347
7168
7042
6414
4858
3556
3021
2592
9008
7079
6961
6504
5267
4966
7219
8396
6745
8257
6733
8964
5789
5054
5435
6666
7759
6489
6619
8661
8153
6311
6812
2240
6328
6682
5363
6125
6030
5828
7464
1876
6632
6124
7345
9799
2433
4911
6193
5812
9315
4108
3518
3772
8197
4814
8243
3169
6381
5746
6824
6884
7416
6908
9268
9914
4961
6916
8874
7223
8639
7419
4054
7483
8120
7485
3251
7696
6747
7763
7160
683
8076
9869
5484
4087
5045
6696
9998
7878
5338
1528
2014
Query: 53
Nearest neighbor-1: 7146
distanceLSH: 229.028
distanceTrue: 198.776
Nearest neighbor-2: 6479
distanceLSH: 230.751
distanceTrue: 220.749
Nearest neighbor-3: 537
distanceLSH: 232.213
distanceTrue: 221.671
Nearest neighbor-4: 3213
distanceLSH: 238.317
distanceTrue: 225.717
Nearest neighbor-5: 6006
distanceLSH: 249.309
distanceTrue: 227.075
tLSH: 0.0025397
tTrue: 0.0421262
R-near neighbors:
9153
1299
7268
537
4855
733
6321
7845
375
7614
6413
353
5403
4651
5540
9357
86
8722
951
6348
7423
946
4473
1546
1068
4624
2071
9624
4484
4631
6276
5260
5904
5133
2085
8256
8721
3324
1525
8978
7444
8126
5556
5209
825
6479
312
5011
7699
4615
6266
5485
8840
4729
1161
2189
4679
8997
62
4688
1767
2402
2535
8885
7060
534
2710
7850
3661
196
3280
5431
6828
7310
2622
205
3032
3209
7146
4877
3335
4274
4368
4555
4727
872
9208
4582
4621
1277
4875
4702
4830
4868
7023
8822
5738
8136
9421
5989
7124
6096
7094
4694
7778
8540
457
7910
4864
7948
7997
9062
9499
6006
4664
552
9061
903
3876
4587
8651
5086
621
5247
3213
5526
6331
8363
7738
Query: 54
Nearest neighbor-1: 4712
distanceLSH: 255.172
distanceTrue: 194.178
Nearest neighbor-2: 5561
distanceLSH: 271.737
distanceTrue: 227.82
Nearest neighbor-3: 6303
distanceLSH: 283.998
distanceTrue: 233.122
Nearest neighbor-4: 7877
distanceLSH: 284.373
distanceTrue: 241.149
Nearest neighbor-5: 6755
distanceLSH: 284.607
distanceTrue: 251.529
tLSH: 0.0014477
tTrue: 0.038691
R-near neighbors:
7040
5561
7877
7420
7352
7338
7262
7101
6618
1587
4943
4717
7614
8558
4712
6755
5217
3565
5542
6014
8392
9523
4216
4563
4622
5611
3959
8327
2830
8907
5805
5950
6303
6008
7477
5971
7859
8862
9466
1889
9559
Query: 55
Nearest neighbor-1: 6168
distanceLSH: 164.241
distanceTrue: 159.308
Nearest neighbor-2: 4799
distanceLSH: 164.627
distanceTrue: 164.241
Nearest neighbor-3: 6984
distanceLSH: 166.631
distanceTrue: 164.627
Nearest neighbor-4: 6677
distanceLSH: 167.051
distanceTrue: 164.785
Nearest neighbor-5: 7178
distanceLSH: 170.385
distanceTrue: 166.631
tLSH: 0.0011202
tTrue: 0.0393052
R-near neighbors:
7684
7285
2667
441
82
9286
8861
9492
8222
7958
6601
5693
5552
5127
5094
5049
4896
6576
8069
7815
3238
6461
6660
6406
6242
9958
8307
8543
5932
5763
5509
4565
5481
8086
1382
4580
7825
7943
2492
2499
5891
5659
947
439
6168
4644
6214
4068
4799
7395
9755
8117
4815
6646
6677
6679
7800
6820
6586
6459
6713
9888
2690
6962
3368
7178
2452
7532
6376
7392
6542
7685
7849
6284
7935
38
9436
7703
7068
6687
9989
6984
8508
1777
Query: 56
Nearest neighbor-1: 6005
distanceLSH: 197.474
distanceTrue: 184.043
Nearest neighbor-2: 5116
distanceLSH: 207.81
distanceTrue: 197.474
Nearest neighbor-3: 6000
distanceLSH: 212.17
distanceTrue: 197.914
Nearest neighbor-4: 5988
distanceLSH: 222.578
distanceTrue: 207.81
Nearest neighbor-5: 6592
distanceLSH: 245.506
distanceTrue: 212.17
tLSH: 0.0008601
tTrue: 0.0428991
R-near neighbors:
6592
6070
5988
5967
2492
2452
7340
4746
4129
9754
8596
5116
7893
5518
9230
211
441
6005
4381
8307
6184
6258
6284
6000
6638
8486
Query: 57
Nearest neighbor-1: 1525
distanceLSH: 216.254
distanceTrue: 190.735
Nearest neighbor-2: 5432
distanceLSH: 217.793
distanceTrue: 209.062
Nearest neighbor-3: 8216
distanceLSH: 218.144
distanceTrue: 210.713
Nearest neighbor-4: 9097
distanceLSH: 220.812
distanceTrue: 210.794
Nearest neighbor-5: 2071
distanceLSH: 221.102
distanceTrue: 211.606
tLSH: 0.0035077
tTrue: 0.0386869
R-near neighbors:
9885
9095
8928
8895
8630
8381
7990
7982
6932
6867
6684
6605
6506
6479
6415
6401
6260
6236
5760
5595
5407
5380
4585
4544
5058
4395
7298
4728
359
3913
7051
5969
3034
207
2463
1435
3469
4642
1966
3765
2994
3326
1527
1547
4480
435
3519
9334
4708
1915
4742
1661
633
4664
8265
1450
8915
7292
1548
8581
7184
2558
242
5652
5138
8762
5587
9185
4877
2207
2072
4777
1436
4874
6930
9434
2957
5527
2661
8501
4588
4706
2136
3164
4464
3520
7829
4583
1337
3981
5009
2829
4713
5579
1792
522
1525
3377
7515
3484
1861
1733
7549
1057
1571
1824
880
4992
5207
3787
6492
1526
6923
637
4510
1169
141
1660
1914
4538
5052
1871
142
7127
2071
1122
4673
8271
653
4981
1138
76
4702
3674
4646
3564
5133
4592
2536
4463
135
6507
7589
15
4884
3661
7773
6656
5033
164
4396
9900
5031
3666
7264
7940
366
4694
4951
3892
105
2269
5571
8303
1270
5057
6826
9559
208
2913
86
1099
8973
5118
9217
4591
2535
4655
327
5738
3033
9458
3957
1252
882
1423
1484
9097
5851
8556
332
889
9004
6434
2654
355
5224
4590
4639
4647
4715
4738
4739
4785
9356
159
8042
4796
4539
4863
4865
4926
1585
5084
5163
5260
5432
5542
6827
5732
5977
6491
7329
7432
236
7850
4970
8216
8418
5294
8540
5403
8649
9259
4680
9549
32
2790
8665
4586
8914
9210
4873
4
5961
10
83
209
491
5374
514
21
562
604
4107
861
2146
2917
1336
1650
104
1727
1734
1827
4621
1916
2366
2557
3279
2657
4821
3327
9287
3877
8519
5273
4191
4317
4358
5588
3424
4506
2547
4711
4812
8146
2195
4900
4943
5287
5320
5321
Query: 58
Nearest neighbor-1: 5212
distanceLSH: 167.147
distanceTrue: 167.147
Nearest neighbor-2: 8810
distanceLSH: 249.124
distanceTrue: 211.688
Nearest neighbor-3: 1897
distanceLSH: 255.936
distanceTrue: 220.518
Nearest neighbor-4: 1789
distanceLSH: 257.039
distanceTrue: 227.295
Nearest neighbor-5: 2965
distanceLSH: 260.161
distanceTrue: 237.71
tLSH: 0.0039537
tTrue: 0.0392517
R-near neighbors:
9802
9605
8522
8510
6210
5954
4980
4249
3629
2130
9016
8008
7384
5666
3836
4217
4179
4024
3625
3496
3228
3101
3079
2784
2775
2771
1707
805
490
4956
130
1239
7913
9555
1554
7396
129
601
8022
7828
9733
4397
4252
8559
8427
4164
4377
948
3869
3270
3267
3513
445
6087
9262
1988
4301
364
294
2707
9542
271
1982
1864
1102
2675
3815
4323
5212
2321
6385
289
3972
6905
8810
4370
9577
5259
1449
610
2515
8887
9582
8947
2678
1789
2043
9409
107
9632
2457
2965
630
884
9901
9066
1700
3288
1383
2450
3212
3842
9938
5142
316
1459
3114
574
9898
1897
1917
3187
9534
9915
Query: 59
Nearest neighbor-1: 7238
distanceLSH: 65.7419
distanceTrue: 65.7419
Nearest neighbor-2: 1865
distanceLSH: 333.67
distanceTrue: 281.768
Nearest neighbor-3: 7355
distanceLSH: 344.001
distanceTrue: 302.607
Nearest neighbor-4: 9465
distanceLSH: 352.209
distanceTrue: 316.142
Nearest neighbor-5: 8986
distanceLSH: 356.479
distanceTrue: 319.786
tLSH: 0.0013499
tTrue: 0.0419378
R-near neighbors:
1865
7355
7238
Query: 60
Nearest neighbor-1: 6835
distanceLSH: 114.416
distanceTrue: 114.416
Nearest neighbor-2: 6649
distanceLSH: 140.182
distanceTrue: 117.149
Nearest neighbor-3: 7172
distanceLSH: 140.46
distanceTrue: 125.18
Nearest neighbor-4: 6377
distanceLSH: 141.746
distanceTrue: 140.182
Nearest neighbor-5: 8675
distanceLSH: 170.643
distanceTrue: 140.46
tLSH: 0.0006487
tTrue: 0.0413289
R-near neighbors:
6377
4579
3110
8487
6835
2295
8675
6649
9835
5499
7792
5845
1125
4895
5066
5656
6283
560
4800
5448
9802
5672
6832
7172
800
6326
6208
6712
8306
5126
5270
Query: 61
Nearest neighbor-1: 5279
distanceLSH: 170.309
distanceTrue: 170.309
Nearest neighbor-2: 5911
distanceLSH: 301.181
distanceTrue: 264.023
Nearest neighbor-3: 7399
distanceLSH: 305.694
distanceTrue: 265.339
Nearest neighbor-4: 1953
distanceLSH: 306.196
distanceTrue: 268.351
Nearest neighbor-5: 5139
distanceLSH: 307.529
distanceTrue: 270.629
tLSH: 0.0018781
tTrue: 0.0387517
R-near neighbors:
9209
7725
7606
5796
5627
5027
4882
7310
2225
1727
9921
9610
7399
3210
8981
9047
9549
7049
5279
889
8382
5055
8005
7550
1966
1861
4222
92
1089
5396
4275
1214
5960
4485
1358
5911
4651
1953
360
5139
766
6784
753
8482
8950
3404
8714
Query: 62
Nearest neighbor-1: 8907
distanceLSH: 249.189
distanceTrue: 140.357
Nearest neighbor-2: 9939
distanceLSH: 255.098
distanceTrue: 151.993
Nearest neighbor-3: 7997
distanceLSH: 266.756
distanceTrue: 242.295
Nearest neighbor-4: 2708
distanceLSH: 292.342
distanceTrue: 249.189
Nearest neighbor-5: 1274
distanceLSH: 298.119
distanceTrue: 249.796
tLSH: 0.0015591
tTrue: 0.0394775
R-near neighbors:
6456
8880
4849
959
7859
1479
2708
7414
7997
555
8907
2609
9337
9939
604
8959
1274
6595
8770
8828
Query: 63
Nearest neighbor-1: 6561
distanceLSH: 131.651
distanceTrue: 131.651
Nearest neighbor-2: 7270
distanceLSH: 182.058
distanceTrue: 182.058
Nearest neighbor-3: 6912
distanceLSH: 193.22
distanceTrue: 193.22
Nearest neighbor-4: 6203
distanceLSH: 203.58
distanceTrue: 203.58
Nearest neighbor-5: 6899
distanceLSH: 219.777
distanceTrue: 207.017
tLSH: 0.0016041
tTrue: 0.0410623
R-near neighbors:
9961
9877
7766
7258
7253
6899
6691
5884
5713
5533
5963
5455
5201
3925
9722
8053
8039
7964
6912
6356
5648
5775
5762
5160
8267
6489
7416
6908
9268
6030
5488
6848
5197
4054
6824
5173
9895
5704
6739
6125
5236
8127
2168
3210
8040
3214
2433
8076
5789
6805
6203
7219
6632
5362
5616
4851
8153
6328
5439
9810
7270
6381
5746
5296
9801
7007
7223
8639
2267
4691
7485
5812
8606
7696
7001
6747
7763
6733
7876
8197
9121
5435
2387
5926
6561
4275
4866
3723
6884
6249
6431
7003
3556
5338
4576
Query: 64
Nearest neighbor-1: 6322
distanceLSH: 94.9158
distanceTrue: 94.9158
Nearest neighbor-2: 6414
distanceLSH: 124.226
distanceTrue: 124.226
Nearest neighbor-3: 5990
distanceLSH: 133.503
distanceTrue: 133.503
Nearest neighbor-4: 1892
distanceLSH: 273.529
distanceTrue: 152.417
Nearest neighbor-5: 5762
distanceLSH: 275.149
distanceTrue: 207.767
tLSH: 0.0007215
tTrue: 0.0428448
R-near neighbors:
9005
5762
4844
1676
9914
9869
7419
5005
5938
6596
2536
6322
2483
7674
5230
5897
6754
6058
3818
6138
7867
6733
6414
5990
7933
1892
Query: 65
Nearest neighbor-1: 5636
distanceLSH: 138.275
distanceTrue: 138.275
Nearest neighbor-2: 7083
distanceLSH: 247.39
distanceTrue: 226.824
Nearest neighbor-3: 6906
distanceLSH: 260.561
distanceTrue: 240.697
Nearest neighbor-4: 8342
distanceLSH: 281
distanceTrue: 243.963
Nearest neighbor-5: 6722
distanceLSH: 304.278
distanceTrue: 247.39
tLSH: 0.0012477
tTrue: 0.0433514
R-near neighbors:
8746
6545
8342
6366
5636
5330
2433
7928
7083
3240
6906
6722
Query: 66
Nearest neighbor-1: 5505
distanceLSH: 219.861
distanceTrue: 173.381
Nearest neighbor-2: 6023
distanceLSH: 224.194
distanceTrue: 219.861
Nearest neighbor-3: 799
distanceLSH: 234.47
distanceTrue: 224.194
Nearest neighbor-4: 7601
distanceLSH: 238.596
distanceTrue: 233.009
Nearest neighbor-5: 2338
distanceLSH: 251.724
distanceTrue: 234.47
tLSH: 0.0011425
tTrue: 0.0426418
R-near neighbors:
9970
9834
7988
6794
5870
697
5753
4599
2806
7105
6011
5671
799
5292
3611
3552
9654
2338
6053
3414
2492
2374
2296
1670
5505
8872
6984
7170
2037
9754
4444
1907
6023
477
6081
6258
6229
6334
6972
1237
6370
6979
8069
7597
7601
5655
8900
1460
1983
Query: 67
Nearest neighbor-1: 5391
distanceLSH: 200.866
distanceTrue: 200.866
Nearest neighbor-2: 7759
distanceLSH: 241.448
distanceTrue: 225.699
Nearest neighbor-3: 5243
distanceLSH: 247.917
distanceTrue: 230.048
Nearest neighbor-4: 5465
distanceLSH: 292.566
distanceTrue: 241.448
Nearest neighbor-5: 1766
distanceLSH: 299.838
distanceTrue: 247.917
tLSH: 0.000715
tTrue: 0.0457799
R-near neighbors:
8269
5243
9947
1766
7759
5330
8255
6344
5465
5391
Query: 68
Nearest neighbor-1: 8449
distanceLSH: 284.359
distanceTrue: 224.225
Nearest neighbor-2: 7856
distanceLSH: 312.314
distanceTrue: 244.238
Nearest neighbor-3: 1439
distanceLSH: 317.055
distanceTrue: 251.036
Nearest neighbor-4: 1778
distanceLSH: 340.342
distanceTrue: 253.379
Nearest neighbor-5: 4975
distanceLSH: 348.462
distanceTrue: 260.225
tLSH: 0.0010787
tTrue: 0.038843
R-near neighbors:
1778
8449
7856
1439
4975
Query: 69
Nearest neighbor-1: 1479
distanceLSH: 201.336
distanceTrue: 201.311
Nearest neighbor-2: 9894
distanceLSH: 202.771
distanceTrue: 201.336
Nearest neighbor-3: 604
distanceLSH: 206.894
distanceTrue: 202.771
Nearest neighbor-4: 8075
distanceLSH: 223.888
distanceTrue: 203.18
Nearest neighbor-5: 9876
distanceLSH: 224.873
distanceTrue: 206.894
tLSH: 0.0025207
tTrue: 0.0395241
R-near neighbors:
9512
8299
8075
5519
5327
4880
7944
2610
9894
9876
9809
9800
9312
9068
8102
2699
5747
9993
5675
5461
6524
7794
5257
5633
2034
4707
6108
3846
2749
1479
1450
6823
1362
2247
3722
9474
6680
2432
6440
7000
4714
5737
4340
3151
72
4390
5741
5823
5569
235
6077
9748
604
5425
6342
6162
1209
2658
4690
1274
6123
6758
9298
8196
9145
8256
4891
8828
4875
9007
5732
1160
9939
2522
4389
1918
6744
4712
7344
5312
9122
5169
8965
9854
874
905
6226
1654
3555
2422
3819
Query: 70
Nearest neighbor-1: 6215
distanceLSH: 276.109
distanceTrue: 266.813
Nearest neighbor-2: 8147
distanceLSH: 301.641
distanceTrue: 268.537
Nearest neighbor-3: 546
distanceLSH: 322.03
distanceTrue: 276.109
Nearest neighbor-4: 1268
distanceLSH: 346.801
distanceTrue: 276.219
Nearest neighbor-5: 8553
distanceLSH: 351.342
distanceTrue: 283.87
tLSH: 0.0013909
tTrue: 0.0397785
R-near neighbors:
8147
546
6215
1268
Query: 71
Nearest neighbor-1: 6125
distanceLSH: 46.8188
distanceTrue: 46.8188
Nearest neighbor-2: 6431
distanceLSH: 80.3679
distanceTrue: 80.3679
Nearest neighbor-3: 5913
distanceLSH: 100.772
distanceTrue: 100.772
Nearest neighbor-4: 6805
distanceLSH: 112.049
distanceTrue: 112.049
Nearest neighbor-5: 4
distanceLSH: 6.95334e-310
distanceTrue: 132.28
tLSH: 0.0015666
tTrue: 0.0383416
R-near neighbors:
5913
9940
7029
6410
6164
5951
5264
2894
5609
2561
1698
7003
6431
7487
5328
3723
3210
8599
9869
9268
9121
8420
6430
8335
8197
8153
8127
8076
6743
8267
6489
5012
7679
5439
6328
6030
4275
6561
5828
7480
5238
2698
7905
6381
5746
7811
6138
6619
5488
5484
9895
5704
9297
4852
6249
6884
1876
3925
1766
8243
4814
1655
5338
6125
5236
7419
2387
5435
3518
3772
5296
7007
2433
8606
5812
5616
5362
6632
9998
6696
7345
5463
6733
7876
6739
6408
6916
6745
6203
7219
5173
6824
8639
8004
6908
6925
8112
7223
4054
7483
7739
7485
9855
7696
6747
7001
7763
5789
6805
7821
6912
8055
Query: 72
Nearest neighbor-1: 9298
distanceLSH: 286.117
distanceTrue: 193.675
Nearest neighbor-2: 9122
distanceLSH: 293.443
distanceTrue: 205.701
Nearest neighbor-3: 2522
distanceLSH: 349.348
distanceTrue: 222.8
Nearest neighbor-4: 8818
distanceLSH: 354.301
distanceTrue: 252.331
Nearest neighbor-5: 6823
distanceLSH: 357.405
distanceTrue: 253.369
tLSH: 0.0005103
tTrue: 0.0437833
R-near neighbors:
9298
9122
2522
Query: 73
Nearest neighbor-1: 3594
distanceLSH: 328.329
distanceTrue: 303.211
Nearest neighbor-2: 727
distanceLSH: 345.397
distanceTrue: 320.128
Nearest neighbor-3: 3462
distanceLSH: 352.339
distanceTrue: 320.729
Nearest neighbor-4: 1216
distanceLSH: 362.087
distanceTrue: 322.633
Nearest neighbor-5: 4478
distanceLSH: 373.779
distanceTrue: 322.723
tLSH: 0.00062
tTrue: 0.0396094
R-near neighbors:
3594
727
Query: 74
Nearest neighbor-1: 3240
distanceLSH: 291.89
distanceTrue: 230.458
Nearest neighbor-2: 7745
distanceLSH: 298.821
distanceTrue: 289.491
Nearest neighbor-3: 1876
distanceLSH: 302.917
distanceTrue: 289.595
Nearest neighbor-4: 3251
distanceLSH: 308.479
distanceTrue: 291.89
Nearest neighbor-5: 1041
distanceLSH: 326.071
distanceTrue: 295.586
tLSH: 0.0014028
tTrue: 0.0401314
R-near neighbors:
6562
7745
1214
6193
3265
3240
6145
2388
1876
3251
1041
Query: 75
Nearest neighbor-1: 5542
distanceLSH: 220.02
distanceTrue: 131.095
Nearest neighbor-2: 9548
distanceLSH: 220.504
distanceTrue: 220.02
Nearest neighbor-3: 9562
distanceLSH: 227.229
distanceTrue: 220.504
Nearest neighbor-4: 9618
distanceLSH: 232.213
distanceTrue: 222.187
Nearest neighbor-5: 9528
distanceLSH: 232.538
distanceTrue: 223.598
tLSH: 0.0040423
tTrue: 0.039313
R-near neighbors:
9964
9623
9484
9248
9186
8619
7908
7859
7807
7785
7049
7003
6745
6563
6498
5871
5856
5777
5715
5644
5596
5328
5128
5114
4969
4814
4762
4348
3294
8096
3227
3049
2655
2601
2553
2306
2209
1792
1526
1099
242
1527
499
9618
1547
1290
7127
5803
5404
4900
207
2520
3034
4652
4314
2918
2800
4856
9525
6265
4642
5178
4664
4694
7264
2803
5630
6529
1660
1146
889
9299
102
8840
7744
3957
4728
9357
4731
78
619
164
9562
9548
4679
9445
5117
9054
4942
7458
8540
6457
5568
4797
6188
3779
1966
343
1425
8853
5769
4741
2171
4473
104
1525
9356
1782
4678
3408
3246
6492
7423
1548
5485
4688
9259
62
8079
1911
4481
609
4396
1055
4874
1790
205
4585
2903
4702
1546
119
1661
3501
7829
4785
457
1409
2951
91
7124
1915
4742
3439
621
3214
5527
2071
2573
5065
6507
4708
1450
6657
9047
5260
1662
4740
7310
6025
4877
7060
57
4926
7496
814
5083
9952
5556
6097
5093
5634
4553
8665
8721
4934
5184
4651
5540
5133
8920
4592
1024
6702
4538
435
5279
4738
5820
6348
5118
7023
7268
2463
1692
2558
2829
8338
3469
1749
1208
3913
5969
4107
4621
7921
3593
4480
4544
7291
8914
4586
8377
4590
4591
4639
6735
784
4647
4715
7444
4739
7850
4604
7309
2072
4777
4796
4865
5998
87
4543
5084
5138
5432
5542
5977
6491
6033
7575
945
4191
6896
7329
4970
8216
4484
8271
8649
9458
4680
9549
9559
3848
61
577
1659
6449
2121
2467
1953
5163
2999
9528
4659
6827
4663
5904
4822
4846
5008
5137
2994
5158
5541
6217
9513
6267
6315
5522
4981
6604
5732
6814
7806
8382
2638
8589
3564
8974
70
92
7100
608
881
927
1181
9330
1215
4729
1483
3093
8503
2011
5431
8136
2185
Query: 76
Nearest neighbor-1: 6298
distanceLSH: 297.792
distanceTrue: 212.061
Nearest neighbor-2: 4882
distanceLSH: 309.446
distanceTrue: 254.769
Nearest neighbor-3: 8349
distanceLSH: 318.038
distanceTrue: 294.258
Nearest neighbor-4: 8308
distanceLSH: 318.046
distanceTrue: 297.792
Nearest neighbor-5: 5154
distanceLSH: 319.103
distanceTrue: 299.314
tLSH: 0.0011114
tTrue: 0.0388756
R-near neighbors:
8308
4882
6726
8349
5154
6298
7414
Query: 77
Nearest neighbor-1: 7904
distanceLSH: 251.257
distanceTrue: 251.257
Nearest neighbor-2: 1566
distanceLSH: 310.371
distanceTrue: 255.996
Nearest neighbor-3: 6327
distanceLSH: 321.164
distanceTrue: 280.836
Nearest neighbor-4: 9918
distanceLSH: 330.041
distanceTrue: 282.427
Nearest neighbor-5: 7558
distanceLSH: 332.629
distanceTrue: 285.184
tLSH: 0.0009021
tTrue: 0.0395712
R-near neighbors:
7904
886
7558
9918
6327
3142
1566
Query: 78
Nearest neighbor-1: 2835
distanceLSH: 362.119
distanceTrue: 293.716
Nearest neighbor-2: 4617
distanceLSH: 372.063
distanceTrue: 298.88
Nearest neighbor-3: 8183
distanceLSH: 396.032
distanceTrue: 306.738
Nearest neighbor-4: 1815
distanceLSH: 400.18
distanceTrue: 317.762
Nearest neighbor-5: 2978
distanceLSH: 403.562
distanceTrue: 317.909
tLSH: 0.0005314
tTrue: 0.0417617
R-near neighbors:
Query: 79
Nearest neighbor-1: 9209
distanceLSH: 226.868
distanceTrue: 226.868
Nearest neighbor-2: 4561
distanceLSH: 292.662
distanceTrue: 245.516
Nearest neighbor-3: 5407
distanceLSH: 297.015
distanceTrue: 254.876
Nearest neighbor-4: 2468
distanceLSH: 302.247
distanceTrue: 258.88
Nearest neighbor-5: 2195
distanceLSH: 304.984
distanceTrue: 260.929
tLSH: 0.0008759
tTrue: 0.0381901
R-near neighbors:
5084
13
5138
9209
8828
7125
7100
5732
6558
6518
1733
1414
5880
327
4561
4822
2468
555
5629
2195
7851
63
2257
7072
5302
60
5541
8798
7146
7
9920
5731
5862
4505
4795
2916
4509
4549
5407
4005
6424
1641
5122
6479
Query: 80
Nearest neighbor-1: 8070
distanceLSH: 160.415
distanceTrue: 148.165
Nearest neighbor-2: 8487
distanceLSH: 171.193
distanceTrue: 160.415
Nearest neighbor-3: 7490
distanceLSH: 180.222
distanceTrue: 161.369
Nearest neighbor-4: 7081
distanceLSH: 183.363
distanceTrue: 171.193
Nearest neighbor-5: 7540
distanceLSH: 254.201
distanceTrue: 180.222
tLSH: 0.00066
tTrue: 0.0419687
R-near neighbors:
7846
7540
6688
6333
3110
9080
7727
81
5694
1429
1403
8070
37
7587
6480
1347
49
8056
1035
7081
5660
8625
8241
99
916
8487
438
1091
560
3902
5126
5764
5892
6246
45
2169
6594
6971
7490
1236
7077
Query: 81
Nearest neighbor-1: 7452
distanceLSH: 146.311
distanceTrue: 146.311
Nearest neighbor-2: 7743
distanceLSH: 281.068
distanceTrue: 230.894
Nearest neighbor-3: 7671
distanceLSH: 318.605
distanceTrue: 281.068
Nearest neighbor-4: 7719
distanceLSH: 326.438
distanceTrue: 296.906
Nearest neighbor-5: 8351
distanceLSH: 338.817
distanceTrue: 299.286
tLSH: 0.0032523
tTrue: 0.0407986
R-near neighbors:
7452
1121
3774
6019
9152
7743
8941
7719
7671
8351
6830
6882
Query: 82
Nearest neighbor-1: 4952
distanceLSH: 297.303
distanceTrue: 276.819
Nearest neighbor-2: 5180
distanceLSH: 308.921
distanceTrue: 295.41
Nearest neighbor-3: 266
distanceLSH: 310.15
distanceTrue: 297.303
Nearest neighbor-4: 1378
distanceLSH: 311.415
distanceTrue: 298.706
Nearest neighbor-5: 1793
distanceLSH: 313.755
distanceTrue: 302.366
tLSH: 0.0012197
tTrue: 0.0395977
R-near neighbors:
9171
1420
2564
905
1378
3432
6643
266
5180
874
381
1793
3763
4952
Query: 83
Nearest neighbor-1: 9165
distanceLSH: 271.982
distanceTrue: 271.982
Nearest neighbor-2: 91
distanceLSH: 280.237
distanceTrue: 273.892
Nearest neighbor-3: 2653
distanceLSH: 314.468
distanceTrue: 278.718
Nearest neighbor-4: 1976
distanceLSH: 316.233
distanceTrue: 280.237
Nearest neighbor-5: 9818
distanceLSH: 433.683
distanceTrue: 280.36
tLSH: 0.0018038
tTrue: 0.0423837
R-near neighbors:
4194
9813
64
8416
7664
6031
1976
7312
91
9165
1366
873
5300
892
3035
1179
1890
4077
1438
8137
2598
2949
575
2653
2828
Query: 84
Nearest neighbor-1: 6006
distanceLSH: 181.607
distanceTrue: 181.607
Nearest neighbor-2: 8978
distanceLSH: 296.403
distanceTrue: 196.987
Nearest neighbor-3: 457
distanceLSH: 302.903
distanceTrue: 237.668
Nearest neighbor-4: 8855
distanceLSH: 304.938
distanceTrue: 249.389
Nearest neighbor-5: 6276
distanceLSH: 305.152
distanceTrue: 252.513
tLSH: 0.0012806
tTrue: 0.0410762
R-near neighbors:
6006
253
3817
8855
168
7124
9337
7423
312
457
4877
679
6276
7060
7699
7850
2482
5904
8978
6348
113
Query: 85
Nearest neighbor-1: 3404
distanceLSH: 250.769
distanceTrue: 192.678
Nearest neighbor-2: 6217
distanceLSH: 272.121
distanceTrue: 233.846
Nearest neighbor-3: 5644
distanceLSH: 272.202
distanceTrue: 248.363
Nearest neighbor-4: 6784
distanceLSH: 284.389
distanceTrue: 249.662
Nearest neighbor-5: 5856
distanceLSH: 287.322
distanceTrue: 250.466
tLSH: 0.0021935
tTrue: 0.0445259
R-near neighbors:
9484
9299
9186
8828
8377
7921
7920
7859
7785
7029
7025
6217
6052
9421
9185
1692
3049
7550
6702
7100
4814
6502
9629
4651
5064
3404
336
9047
4348
5587
3210
5216
1602
9921
1290
5715
604
6784
766
814
2171
6401
5734
70
360
8482
9752
4135
5279
59
1277
9610
577
5828
1026
5856
1411
1662
1780
4682
2142
2209
2225
2520
6032
4762
7458
92
2632
2875
2800
4832
5093
7422
5644
Query: 86
Nearest neighbor-1: 8355
distanceLSH: 285.107
distanceTrue: 285.107
Nearest neighbor-2: 8726
distanceLSH: 305.612
distanceTrue: 305.612
Nearest neighbor-3: 9082
distanceLSH: 444.497
distanceTrue: 330.97
Nearest neighbor-4: 7884
distanceLSH: 464.131
distanceTrue: 339.972
Nearest neighbor-5: 416
distanceLSH: 477.058
distanceTrue: 346.298
tLSH: 0.0007286
tTrue: 0.0442642
R-near neighbors:
8726
8355
Query: 87
Nearest neighbor-1: 5475
distanceLSH: 281.778
distanceTrue: 224.907
Nearest neighbor-2: 5691
distanceLSH: 282.4
distanceTrue: 255.282
Nearest neighbor-3: 5416
distanceLSH: 307.656
distanceTrue: 265.055
Nearest neighbor-4: 8012
distanceLSH: 312.412
distanceTrue: 277.784
Nearest neighbor-5: 6019
distanceLSH: 330.085
distanceTrue: 281.778
tLSH: 0.0028931
tTrue: 0.0393147
R-near neighbors:
5691
8012
6205
6019
9368
5416
5475
717
Query: 88
Nearest neighbor-1: 5691
distanceLSH: 216.025
distanceTrue: 123.56
Nearest neighbor-2: 6141
distanceLSH: 256.228
distanceTrue: 216.025
Nearest neighbor-3: 7297
distanceLSH: 259.255
distanceTrue: 217.936
Nearest neighbor-4: 9152
distanceLSH: 288.52
distanceTrue: 231.208
Nearest neighbor-5: 5813
distanceLSH: 304.534
distanceTrue: 234.113
tLSH: 0.0023684
tTrue: 0.0397367
R-near neighbors:
2842
9152
7297
6652
6141
5973
7074
5813
5691
Query: 89
Nearest neighbor-1: 7099
distanceLSH: 75.08
distanceTrue: 75.08
Nearest neighbor-2: 6902
distanceLSH: 135.052
distanceTrue: 135.052
Nearest neighbor-3: 9225
distanceLSH: 163.411
distanceTrue: 154.418
Nearest neighbor-4: 8104
distanceLSH: 167.511
distanceTrue: 155.515
Nearest neighbor-5: 6484
distanceLSH: 306.686
distanceTrue: 163.411
tLSH: 0.0023372
tTrue: 0.0385548
R-near neighbors:
2259
6834
6636
6577
5671
2685
6902
9249
9002
8491
6316
7099
5447
9455
9396
4381
6411
3903
4580
3459
5870
6798
3114
69
2450
6966
1237
1036
8372
5127
6484
6720
5882
3109
100
9225
8104
7793
6023
6296
6327
6998
9837
7536
7613
Query: 90
Nearest neighbor-1: 7628
distanceLSH: 114.534
distanceTrue: 114.534
Nearest neighbor-2: 7119
distanceLSH: 157.34
distanceTrue: 157.34
Nearest neighbor-3: 4955
distanceLSH: 237.828
distanceTrue: 191.523
Nearest neighbor-4: 2022
distanceLSH: 246.682
distanceTrue: 206.422
Nearest neighbor-5: 7761
distanceLSH: 546.777
distanceTrue: 208.031
tLSH: 0.000855
tTrue: 0.0376656
R-near neighbors:
6442
4011
2277
6856
41
35
9706
6623
6072
5923
7316
4967
4955
3540
5039
7119
2022
920
9704
3759
9957
5858
5394
8090
9830
2899
7628
5192
Query: 91
Nearest neighbor-1: 9259
distanceLSH: 50.4579
distanceTrue: 50.4579
Nearest neighbor-2: 9418
distanceLSH: 60.663
distanceTrue: 60.663
Nearest neighbor-3: 4679
distanceLSH: 169.035
distanceTrue: 156.234
Nearest neighbor-4: 4646
distanceLSH: 176.743
distanceTrue: 157.629
Nearest neighbor-5: 9979
distanceLSH: 413.018
distanceTrue: 163.141
tLSH: 0.0016173
tTrue: 0.0393126
R-near neighbors:
8363
8231
7840
7166
6215
8265
5979
4701
1735
1010
158
4512
67
2654
5321
9258
9185
4698
8762
6506
6490
5730
5652
1745
5555
4776
4700
937
8303
4366
5431
4288
3666
2917
576
1465
609
554
9259
9041
8973
8600
8442
746
7177
731
4743
161
2769
356
6315
1359
9346
6266
8898
51
5912
1467
165
784
5859
4806
234
4679
6449
4216
938
621
1129
5320
6216
882
5366
9417
7639
1138
2535
4681
5003
4622
4704
4831
655
4592
9418
9186
1331
1442
116
6339
620
1509
4586
1792
5863
2551
709
4646
4726
4755
1912
6230
3051
5083
5260
3105
5137
4657
5165
9334
5651
5940
8724
8216
Query: 92
Nearest neighbor-1: 3938
distanceLSH: 314.189
distanceTrue: 298.027
Nearest neighbor-2: 6454
distanceLSH: 340.409
distanceTrue: 308.971
Nearest neighbor-3: 6270
distanceLSH: 343.746
distanceTrue: 314.189
Nearest neighbor-4: 8642
distanceLSH: 351.16
distanceTrue: 317.481
Nearest neighbor-5: 2713
distanceLSH: 376.326
distanceTrue: 318.824
tLSH: 0.0006126
tTrue: 0.0407016
R-near neighbors:
6454
6270
3938
Query: 93
Nearest neighbor-1: 8357
distanceLSH: 141.464
distanceTrue: 141.464
Nearest neighbor-2: 581
distanceLSH: 307.982
distanceTrue: 245.21
Nearest neighbor-3: 4833
distanceLSH: 308.611
distanceTrue: 293.626
Nearest neighbor-4: 4685
distanceLSH: 312.938
distanceTrue: 305.943
Nearest neighbor-5: 2957
distanceLSH: 323.909
distanceTrue: 307.982
tLSH: 0.0015457
tTrue: 0.0376766
R-near neighbors:
8357
2957
1914
581
4833
4685
Query: 94
Nearest neighbor-1: 8979
distanceLSH: 234.774
distanceTrue: 234.774
Nearest neighbor-2: 7464
distanceLSH: 268.717
distanceTrue: 258.339
Nearest neighbor-3: 4108
distanceLSH: 281.023
distanceTrue: 259.917
Nearest neighbor-4: 6124
distanceLSH: 282.814
distanceTrue: 265.735
Nearest neighbor-5: 5864
distanceLSH: 289.002
distanceTrue: 268.717
tLSH: 0.0017375
tTrue: 0.0388623
R-near neighbors:
9947
9485
9309
9195
7933
9046
6745
5864
5484
5460
5054
4911
4966
3632
4108
5363
4087
2014
3623
1676
1275
9914
5676
7416
5777
5593
6124
6696
7079
7253
7464
683
7763
6344
7819
9008
8979
70
1771
5311
Query: 95
Nearest neighbor-1: 8055
distanceLSH: 283.148
distanceTrue: 160.571
Nearest neighbor-2: 7593
distanceLSH: 293.223
distanceTrue: 236.377
Nearest neighbor-3: 9203
distanceLSH: 310.213
distanceTrue: 245.982
Nearest neighbor-4: 8661
distanceLSH: 321.173
distanceTrue: 256.515
Nearest neighbor-5: 2049
distanceLSH: 325.209
distanceTrue: 260.471
tLSH: 0.0015888
tTrue: 0.0386091
R-near neighbors:
9203
8812
5828
8661
7593
8055
2049
Query: 96
Nearest neighbor-1: 9206
distanceLSH: 305.392
distanceTrue: 305.392
Nearest neighbor-2: 3056
distanceLSH: 325.429
distanceTrue: 313.359
Nearest neighbor-3: 2319
distanceLSH: 334.513
distanceTrue: 313.739
Nearest neighbor-4: 7122
distanceLSH: 339.274
distanceTrue: 318.987
Nearest neighbor-5: 300
distanceLSH: 361.491
distanceTrue: 320.947
tLSH: 0.0010875
tTrue: 0.0374976
R-near neighbors:
9206
7122
3056
2319
Query: 97
Nearest neighbor-1: 2093
distanceLSH: 352.033
distanceTrue: 285.79
Nearest neighbor-2: 2727
distanceLSH: 353.966
distanceTrue: 303.557
Nearest neighbor-3: 2941
distanceLSH: 359.519
distanceTrue: 318.366
Nearest neighbor-4: 4158
distanceLSH: 361.303
distanceTrue: 320.209
Nearest neighbor-5: 3828
distanceLSH: 362.131
distanceTrue: 322.957
tLSH: 0.0012585
tTrue: 0.0375068
R-near neighbors:
Query: 98
Nearest neighbor-1: 6961
distanceLSH: 329.198
distanceTrue: 233.532
Nearest neighbor-2: 6124
distanceLSH: 331.672
distanceTrue: 303.745
Nearest neighbor-3: 6504
distanceLSH: 336.436
distanceTrue: 304.041
Nearest neighbor-4: 855
distanceLSH: 338.356
distanceTrue: 311.304
Nearest neighbor-5: 3021
distanceLSH: 349.452
distanceTrue: 315.435
tLSH: 0.0010315
tTrue: 0.0374081
R-near neighbors:
855
6961
6504
6124
3021
Query: 99
Nearest neighbor-1: 6883
distanceLSH: 142.506
distanceTrue: 137.43
Nearest neighbor-2: 6746
distanceLSH: 150.469
distanceTrue: 138.899
Nearest neighbor-3: 4609
distanceLSH: 158.997
distanceTrue: 138.964
Nearest neighbor-4: 5006
distanceLSH: 159.405
distanceTrue: 142.506
Nearest neighbor-5: 6823
distanceLSH: 168.045
distanceTrue: 143.457
tLSH: 0.0007894
tTrue: 0.0368528
R-near neighbors:
8878
8978
9809
71
2386
6811
8610
5247
8052
8256
7875
6753
4864
3213
4607
4556
5339
7463
7582
8820
6407
9267
6690
8873
6429
6488
5647
5006
8811
7218
7488
9910
5592
6746
5476
1697
5827
4609
5046
6440
9153
7502
1663
4965
7738
6823
6883
4850
7263
7517
8073
8200
9841
9846
9061
7156
552
7415
4875
6331
6681
7614
8126
Query: 100
Nearest neighbor-1: 9994
distanceLSH: 320.643
distanceTrue: 184.613
Nearest neighbor-2: 8505
distanceLSH: 350.176
distanceTrue: 234.885
Nearest neighbor-3: 2378
distanceLSH: 350.341
distanceTrue: 308.608
Nearest neighbor-4: 6662
distanceLSH: 357.039
distanceTrue: 310.403
Nearest neighbor-5: 2143
distanceLSH: 361.141
distanceTrue: 318.94
tLSH: 0.0015544
tTrue: 0.0372412
R-near neighbors:
9994

